5000.0 0.0 2.4943933189064616e-08 EL
5000.0 0.005025125628140704 2.490810224740124e-08 EL
5000.0 0.010050251256281407 2.486473652257185e-08 EL
5000.0 0.01507537688442211 2.4814001296651757e-08 EL
5000.0 0.020100502512562814 2.4761735312108307e-08 EL
5000.0 0.02512562814070352 2.470254252708916e-08 EL
5000.0 0.03015075376884422 2.4636702696969654e-08 EL
5000.0 0.035175879396984924 2.4564535442543457e-08 EL
5000.0 0.04020100502512563 2.4492099455329185e-08 EL
5000.0 0.04522613065326633 2.4419890888864173e-08 EL
5000.0 0.05025125628140704 2.43369995966463e-08 EL
5000.0 0.05527638190954774 2.4255480940970557e-08 EL
5000.0 0.06030150753768844 2.4176131139885416e-08 EL
5000.0 0.06532663316582915 2.4088107027567777e-08 EL
5000.0 0.07035175879396985 2.400405537427055e-08 EL
5000.0 0.07537688442211056 2.3925235048605612e-08 EL
5000.0 0.08040201005025126 2.3840872944104502e-08 EL
5000.0 0.08542713567839195 2.3764553631794283e-08 EL
5000.0 0.09045226130653267 2.3691867449687755e-08 EL
5000.0 0.09547738693467336 2.362466098855221e-08 EL
5000.0 0.10050251256281408 2.3571689889188193e-08 EL
5000.0 0.10552763819095477 2.3522120399665732e-08 EL
5000.0 0.11055276381909548 2.348502546602792e-08 EL
5000.0 0.11557788944723618 2.346319730403599e-08 EL
5000.0 0.12060301507537688 2.345961626256048e-08 EL
5000.0 0.12562814070351758 2.3485448375655905e-08 EL
5000.0 0.1306532663316583 2.35281047243522e-08 EL
5000.0 0.135678391959799 2.3616263502080085e-08 EL
5000.0 0.1407035175879397 2.373686070716963e-08 EL
5000.0 0.1457286432160804 2.391298002685966e-08 EL
5000.0 0.15075376884422112 2.4151005709606292e-08 EL
5000.0 0.15577889447236182 2.4469587098614564e-08 EL
5000.0 0.16080402010050251 2.4878658427438267e-08 EL
5000.0 0.1658291457286432 2.5432912718448467e-08 EL
5000.0 0.1708542713567839 2.614243893133163e-08 EL
5000.0 0.17587939698492464 2.7070552854148084e-08 EL
5000.0 0.18090452261306533 2.830500823144034e-08 EL
5000.0 0.18592964824120603 2.999168959825806e-08 EL
5000.0 0.19095477386934673 3.233945132966461e-08 EL
5000.0 0.19597989949748745 3.570781236447491e-08 EL
5000.0 0.20100502512562815 1.0152204894941593e-08 A
5000.0 0.20603015075376885 1.0113504922863022e-08 A
5000.0 0.21105527638190955 1.0054244937305049e-08 A
5000.0 0.21608040201005024 1.0018664443385763e-08 A
5000.0 0.22110552763819097 1.0006799819399429e-08 A
5000.0 0.22613065326633167 9.97538016126317e-09 A
5000.0 0.23115577889447236 9.968492715397006e-09 A
5000.0 0.23618090452261306 9.941876521787556e-09 A
5000.0 0.24120603015075376 9.939970553500166e-09 A
5000.0 0.24623115577889448 0 A
5000.0 0.25125628140703515 0 A
5000.0 0.2562814070351759 9.90778498918994e-09 A
5000.0 0.2613065326633166 9.916521893055649e-09 A
5000.0 0.2663316582914573 9.948623971191603e-09 A
5000.0 0.271356783919598 9.962672657693298e-09 A
5000.0 0.2763819095477387 1.0000854847483218e-08 A
5000.0 0.2814070351758794 1.0019393667584966e-08 A
5000.0 0.2864321608040201 1.0062050147241703e-08 A
5000.0 0.2914572864321608 1.0084525844127988e-08 A
5000.0 0.2964824120603015 1.0130323784889363e-08 A
5000.0 0.30150753768844224 1.0245041257822542e-08 A
5000.0 0.3065326633165829 3.298586887377086e-08 EL
5000.0 0.31155778894472363 3.046316831124117e-08 EL
5000.0 0.3165829145728643 2.866127477295843e-08 EL
5000.0 0.32160804020100503 2.7335321920262326e-08 EL
5000.0 0.32663316582914576 2.633292903530125e-08 EL
5000.0 0.3316582914572864 2.5576843025371056e-08 EL
5000.0 0.33668341708542715 2.491601890020006e-08 A
5000.0 0.3417085427135678 2.4564897261691235e-08 EL
5000.0 0.34673366834170855 2.4226415688957288e-08 EL
5000.0 0.35175879396984927 2.3970858604326652e-08 EL
5000.0 0.35678391959798994 2.3779258339674013e-08 EL
5000.0 0.36180904522613067 2.364503609501862e-08 EL
5000.0 0.36683417085427134 2.356191509717362e-08 EL
5000.0 0.37185929648241206 2.3499762056439674e-08 EL
5000.0 0.3768844221105528 2.3479731711575094e-08 EL
5000.0 0.38190954773869346 2.3474289585209027e-08 EL
5000.0 0.3869346733668342 2.3488268802697113e-08 EL
5000.0 0.3919597989949749 2.3525411422073585e-08 EL
5000.0 0.3969849246231156 2.3568852213503806e-08 EL
5000.0 0.4020100502512563 2.362949614031654e-08 EL
5000.0 0.40703517587939697 2.369177578634194e-08 EL
5000.0 0.4120603015075377 2.376638775658424e-08 EL
5000.0 0.4170854271356784 2.384496179370936e-08 EL
5000.0 0.4221105527638191 2.3925838498060855e-08 EL
5000.0 0.4271356783919598 2.4007560504246976e-08 EL
5000.0 0.4321608040201005 2.408885328431547e-08 EL
5000.0 0.4371859296482412 2.417441382709063e-08 EL
5000.0 0.44221105527638194 2.4257370452626838e-08 EL
5000.0 0.4472361809045226 2.4342626069263123e-08 EL
5000.0 0.45226130653266333 2.4423684719937105e-08 EL
5000.0 0.457286432160804 2.4499947741119002e-08 EL
5000.0 0.4623115577889447 2.4576530430872725e-08 EL
5000.0 0.46733668341708545 2.4647307535244077e-08 EL
5000.0 0.4723618090452261 2.4717503190328135e-08 EL
5000.0 0.47738693467336685 2.4781156681175646e-08 EL
5000.0 0.4824120603015075 2.4837984033856796e-08 EL
5000.0 0.48743718592964824 2.4887736406189676e-08 EL
5000.0 0.49246231155778897 2.493580038848687e-08 EL
5000.0 0.49748743718592964 2.497079202797759e-08 EL
5000.0 0.5025125628140703 2.5009404804627727e-08 EL
5000.0 0.507537688442211 2.503469833064114e-08 EL
5000.0 0.5125628140703518 2.505222509234587e-08 EL
5000.0 0.5175879396984925 2.506767330312939e-08 EL
5000.0 0.5226130653266332 2.5075502154808803e-08 EL
5000.0 0.5276381909547738 2.5075932939323613e-08 EL
5000.0 0.5326633165829145 2.5069362696261305e-08 EL
5000.0 0.5376884422110553 2.505644621068703e-08 EL
5000.0 0.542713567839196 2.5044134128127338e-08 EL
5000.0 0.5477386934673367 2.502228504772435e-08 EL
5000.0 0.5527638190954774 2.4999232568790627e-08 EL
5000.0 0.5577889447236181 2.496639770521656e-08 EL
5000.0 0.5628140703517588 2.494150018372833e-08 EL
5000.0 0.5678391959798995 2.490733796933101e-08 EL
5000.0 0.5728643216080402 2.477288998557969e-08 A
5000.0 0.577889447236181 2.4833264175675126e-08 EL
5000.0 0.5829145728643216 2.4796003236995815e-08 EL
5000.0 0.5879396984924623 2.4743211298697834e-08 EL
5000.0 0.592964824120603 2.4680166081719677e-08 EL
5000.0 0.5979899497487438 2.4593120350908736e-08 EL
5000.0 0.6030150753768845 2.4496540770803684e-08 EL
5000.0 0.6080402010050251 2.4433535982101363e-08 EL
5000.0 0.6130653266331658 2.4486305936097237e-08 EL
5000.0 0.6180904522613065 1.4187821088450028e-08 A
5000.0 0.6231155778894473 1.418968520330942e-08 A
5000.0 0.628140703517588 1.421406688871539e-08 A
5000.0 0.6331658291457286 1.4284353777370682e-08 A
5000.0 0.6381909547738693 1.4411473655836127e-08 A
5000.0 0.6432160804020101 1.103425691192663e-07 ET
5000.0 0.6482412060301508 1.2626099038774917e-07 EB
5000.0 0.6532663316582915 7.509075507401568e-08 A
5000.0 0.6582914572864321 1.5934147052070766e-07 EB
5000.0 0.6633165829145728 2.8855386235329427e-07 EB
5000.0 0.6683417085427136 1.31563470959007e-07 A
5000.0 0.6733668341708543 5.13495863309295e-08 EL
5000.0 0.678391959798995 5.171182977965347e-08 EL
5000.0 0.6834170854271356 7.163124762505923e-08 EL
5000.0 0.6884422110552764 7.101151793957823e-08 A
5000.0 0.6934673366834171 4.5009537103799195e-08 EL
5000.0 0.6984924623115578 3.016766129337648e-08 EL
5000.0 0.7035175879396985 3.4977764297060564e-08 EL
5000.0 0.7085427135678392 2.894847946361536e-08 EL
5000.0 0.7135678391959799 2.0696878392773053e-08 EL
5000.0 0.7185929648241206 1.71504657541665e-08 EL
5000.0 0.7236180904522613 1.535332445776449e-08 EL
5000.0 0.7286432160804021 1.4222410494801651e-08 EL
5000.0 0.7336683417085427 1.3456299602957546e-08 EL
5000.0 0.7386934673366834 1.2946287860111589e-08 EL
5000.0 0.7437185929648241 1.2635718754514032e-08 EL
5000.0 0.7487437185929648 0 A
5000.0 0.7537688442211056 0 A
5000.0 0.7587939698492463 1.2841819240064502e-08 EL
5000.0 0.7638190954773869 1.3291496194631135e-08 EL
5000.0 0.7688442211055276 1.3969112680735262e-08 EL
5000.0 0.7738693467336684 1.4975027840146757e-08 EL
5000.0 0.7788944723618091 1.651238701695634e-08 EL
5000.0 0.7839195979899498 1.9294996085087226e-08 EL
5000.0 0.7889447236180904 2.6006546969730494e-08 EL
5000.0 0.7939698492462312 3.4702265644491015e-08 EL
5000.0 0.7989949748743719 3.150065712744488e-08 EL
5000.0 0.8040201005025126 2.959374167891953e-08 A
5000.0 0.8090452261306533 1.4963957883821334e-07 ET
5000.0 0.8140703517587939 1.4867538782423003e-07 ET
5000.0 0.8190954773869347 2.087404417670297e-07 A
5000.0 0.8241206030150754 5.1124046108197543e-08 EL
5000.0 0.8291457286432161 1.0561753755550065e-07 EL
5000.0 0.8341708542713568 1.5698965423656878e-07 EL
5000.0 0.8391959798994975 1.3748573809496859e-07 ET
5000.0 0.8442211055276382 1.3653525307474414e-07 A
5000.0 0.8492462311557789 7.395618610558622e-08 A
5000.0 0.8542713567839196 1.3670609366472488e-07 A
5000.0 0.8592964824120604 1.4488632503588085e-08 A
5000.0 0.864321608040201 1.4344488071320936e-08 A
5000.0 0.8693467336683417 1.4241372125008917e-08 A
5000.0 0.8743718592964824 1.4174339610639648e-08 A
5000.0 0.8793969849246231 1.4168025399602366e-08 A
5000.0 0.8844221105527639 1.4195051624396043e-08 A
5000.0 0.8894472361809045 2.442973763261348e-08 EL
5000.0 0.8944723618090452 2.4359983086861947e-08 A
5000.0 0.8994974874371859 2.4538373846991956e-08 EL
5000.0 0.9045226130653267 2.4621495214097343e-08 EL
5000.0 0.9095477386934674 2.4687201558466765e-08 EL
5000.0 0.914572864321608 2.4745113305511675e-08 EL
5000.0 0.9195979899497487 2.4787726921002997e-08 EL
5000.0 0.9246231155778895 2.4830124280174088e-08 EL
5000.0 0.9296482412060302 2.486445966320557e-08 EL
5000.0 0.9346733668341709 2.4894072507329296e-08 EL
5000.0 0.9396984924623115 2.4925596277086647e-08 EL
5000.0 0.9447236180904522 2.4949822800336945e-08 EL
5000.0 0.949748743718593 2.497294816084096e-08 EL
5000.0 0.9547738693467337 2.499658226944709e-08 EL
5000.0 0.9597989949748744 2.5017665574265182e-08 EL
5000.0 0.964824120603015 2.5028340314866115e-08 EL
5000.0 0.9698492462311558 2.5033263699193892e-08 EL
5000.0 0.9748743718592965 2.5037350868257952e-08 EL
5000.0 0.9798994974874372 2.5028483739504572e-08 EL
5000.0 0.9849246231155779 2.50178633150354e-08 EL
5000.0 0.9899497487437187 2.4999559319352452e-08 EL
5000.0 0.9949748743718593 2.4973517136632556e-08 EL
5000.0 1.0 2.4945412871429625e-08 EL
12500.0 0.0 1.1045982527010053e-07 EB
12500.0 0.005025125628140704 2.610486646293446e-07 A
12500.0 0.010050251256281407 8.065691078106615e-08 EL
12500.0 0.01507537688442211 1.792220864792511e-07 EB
12500.0 0.020100502512562814 1.9439200752354623e-07 EB
12500.0 0.02512562814070352 1.4878740553794976e-07 EL
12500.0 0.03015075376884422 2.8908633816694027e-08 A
12500.0 0.035175879396984924 3.6661140174895646e-07 A
12500.0 0.04020100502512563 8.540092444707794e-08 A
12500.0 0.04522613065326633 3.9025409295950217e-08 EL
12500.0 0.05025125628140704 3.933334559542196e-08 EL
12500.0 0.05527638190954774 4.121555635741124e-08 EL
12500.0 0.06030150753768844 5.5902080190047656e-08 EL
12500.0 0.06532663316582915 7.897235112151649e-08 EL
12500.0 0.07035175879396985 1.4781606682675858e-07 A
12500.0 0.07537688442211056 2.882036738276166e-08 A
12500.0 0.08040201005025126 5.474837774214669e-08 EL
12500.0 0.08542713567839195 6.259946953039128e-08 EL
12500.0 0.09045226130653267 1.1754855407295648e-07 ET
12500.0 0.09547738693467336 1.2409998456793972e-07 ET
12500.0 0.10050251256281408 8.434395649914977e-08 EL
12500.0 0.10552763819095477 1.4009504296527243e-07 ET
12500.0 0.11055276381909548 2.541698465950327e-07 EB
12500.0 0.11557788944723618 2.0445308615047488e-07 ET
12500.0 0.12060301507537688 1.2069962537582675e-07 A
12500.0 0.12562814070351758 1.3763884582512976e-07 EL
12500.0 0.1306532663316583 5.753389834067667e-08 A
12500.0 0.135678391959799 2.165681805706948e-07 ER
12500.0 0.1407035175879397 9.946522046875807e-08 EL
12500.0 0.1457286432160804 1.021048909092124e-07 ET
12500.0 0.15075376884422112 4.487712522591524e-08 A
12500.0 0.15577889447236182 5.6413215543154156e-08 EL
12500.0 0.16080402010050251 5.236608603295607e-08 EL
12500.0 0.1658291457286432 2.5178838467910815e-08 A
12500.0 0.1708542713567839 5.377303774265038e-08 A
12500.0 0.17587939698492464 2.509906422395194e-07 EL
12500.0 0.18090452261306533 2.640180949494162e-07 ER
12500.0 0.18592964824120603 1.753244127920173e-07 EL
12500.0 0.19095477386934673 8.704791544334187e-08 A
12500.0 0.19597989949748745 1.2906357984238933e-07 A
12500.0 0.20100502512562815 1.4900992329635387e-07 ET
12500.0 0.20603015075376885 5.188142364236347e-08 EL
12500.0 0.21105527638190955 6.117490809079643e-08 EL
12500.0 0.21608040201005024 8.64811539379312e-08 A
12500.0 0.22110552763819097 1.5858537239336444e-07 ET
12500.0 0.22613065326633167 3.0150256288602896e-08 EL
12500.0 0.23115577889447236 2.9656586903727327e-08 A
12500.0 0.23618090452261306 1.0025955759526351e-08 A
12500.0 0.24120603015075376 9.945790732776982e-09 A
12500.0 0.24623115577889448 0 A
12500.0 0.25125628140703515 0 A
12500.0 0.2562814070351759 9.962112126075444e-09 A
12500.0 0.2613065326633166 9.965254086110837e-09 A
12500.0 0.2663316582914573 9.620694022632428e-08 EB
12500.0 0.271356783919598 2.9857401066092246e-08 EL
12500.0 0.2763819095477387 5.23298266641087e-08 EL
12500.0 0.2814070351758794 2.405857132207877e-07 EB
12500.0 0.2864321608040201 2.3533545397355554e-07 ET
12500.0 0.2914572864321608 5.2537735697353936e-08 EL
12500.0 0.2964824120603015 8.639517244649337e-08 A
12500.0 0.30150753768844224 1.772743996168881e-07 ET
12500.0 0.3065326633165829 7.120478294316102e-08 A
12500.0 0.31155778894472363 8.123514118075892e-08 EL
12500.0 0.3165829145728643 1.371833607929281e-07 EB
12500.0 0.32160804020100503 2.3820043504961156e-07 EL
12500.0 0.32663316582914576 5.44220423678377e-08 A
12500.0 0.3316582914572864 2.5075252133165033e-08 A
12500.0 0.33668341708542715 5.679188151572123e-08 EL
12500.0 0.3417085427135678 5.499076086154903e-08 EL
12500.0 0.34673366834170855 5.5236496369120235e-08 EL
12500.0 0.35175879396984927 7.916282593991128e-08 EL
12500.0 0.35678391959798994 8.902759409805856e-08 EB
12500.0 0.36180904522613067 7.84828126787388e-08 EL
12500.0 0.36683417085427134 1.0292999956193728e-07 A
12500.0 0.37185929648241206 1.9829218044961764e-07 EB
12500.0 0.3768844221105528 1.219724670944534e-07 EB
12500.0 0.38190954773869346 8.877134041980236e-08 A
12500.0 0.3869346733668342 1.299636161664705e-07 EB
12500.0 0.3919597989949749 5.8464297455521076e-08 A
12500.0 0.3969849246231156 9.401904446010726e-08 EL
12500.0 0.4020100502512563 9.054195907034699e-08 EB
12500.0 0.40703517587939697 1.7159920539734787e-07 EB
12500.0 0.4120603015075377 2.43897384750679e-07 ET
12500.0 0.4170854271356784 5.816019141266847e-08 EL
12500.0 0.4221105527638191 5.202591360832085e-08 EL
12500.0 0.4271356783919598 3.1095218509920667e-07 ET
12500.0 0.4321608040201005 1.708863101984029e-07 EB
12500.0 0.4371859296482412 6.086247933590088e-08 EL
12500.0 0.44221105527638194 3.092977512152193e-07 EL
12500.0 0.4472361809045226 3.930732695610396e-08 EL
12500.0 0.45226130653266333 4.862439327828291e-08 EL
12500.0 0.457286432160804 4.069867066884622e-08 EL
12500.0 0.4623115577889447 5.8519801535746344e-08 EL
12500.0 0.46733668341708545 4.380988722139314e-08 A
12500.0 0.4723618090452261 5.748090649852384e-08 EL
12500.0 0.47738693467336685 9.860551991492454e-08 EL
12500.0 0.4824120603015075 1.4935229512753895e-07 EL
12500.0 0.48743718592964824 2.5915937583157333e-07 ER
12500.0 0.49246231155778897 4.1589486756430795e-08 A
12500.0 0.49748743718592964 1.7265964958690604e-07 EL
12500.0 0.5025125628140703 1.1544578310710599e-07 A
12500.0 0.507537688442211 2.6041173457796285e-07 ET
12500.0 0.5125628140703518 1.2205524762616054e-07 ET
12500.0 0.5175879396984925 1.4076892914927803e-07 EL
12500.0 0.5226130653266332 2.3294307671464954e-07 EL
12500.0 0.5276381909547738 1.6220380249480632e-07 ER
12500.0 0.5326633165829145 3.143065911294023e-07 A
12500.0 0.5376884422110553 2.237091617099582e-07 ET
12500.0 0.542713567839196 2.088324207575385e-07 ER
12500.0 0.5477386934673367 1.9335096972925623e-07 EB
12500.0 0.5527638190954774 2.0165611517992577e-07 ET
12500.0 0.5577889447236181 1.2573272355799363e-07 A
12500.0 0.5628140703517588 1.5940396529163384e-07 ET
12500.0 0.5678391959798995 1.739414348368003e-07 A
12500.0 0.5728643216080402 1.4147818120049742e-07 ET
12500.0 0.577889447236181 1.874437066562283e-07 A
12500.0 0.5829145728643216 4.9295386989757506e-08 A
12500.0 0.5879396984924623 1.862324603348377e-07 EL
12500.0 0.592964824120603 9.516158683818353e-08 EL
12500.0 0.5979899497487438 1.0411837070064282e-07 EL
12500.0 0.6030150753768845 1.6918755448510354e-07 EL
12500.0 0.6080402010050251 1.2843366885993605e-07 EB
12500.0 0.6130653266331658 1.379924880968572e-07 EB
12500.0 0.6180904522613065 2.004494869359557e-07 A
12500.0 0.6231155778894473 3.4484881300587497e-07 ET
12500.0 0.628140703517588 1.0120853409656395e-07 EL
12500.0 0.6331658291457286 9.170897484329031e-08 EL
12500.0 0.6381909547738693 2.2465062337622017e-07 EL
12500.0 0.6432160804020101 2.4203294240837654e-07 EL
12500.0 0.6482412060301508 1.6343513990681178e-07 ER
12500.0 0.6532663316582915 1.320193701416121e-07 EL
12500.0 0.6582914572864321 3.07923537392708e-07 ET
12500.0 0.6633165829145728 3.067094907909841e-08 A
12500.0 0.6683417085427136 4.119810940204472e-08 EL
12500.0 0.6733668341708543 6.256548639507597e-08 A
12500.0 0.678391959798995 1.392809309226825e-07 EL
12500.0 0.6834170854271356 2.1557418498353818e-07 ET
12500.0 0.6884422110552764 3.0997991371936036e-08 A
12500.0 0.6934673366834171 2.482529460283903e-07 ER
12500.0 0.6984924623115578 8.70373282993766e-08 EL
12500.0 0.7035175879396985 1.7018254191849067e-07 A
12500.0 0.7085427135678392 2.947833822894692e-07 ER
12500.0 0.7135678391959799 3.7136198761571445e-08 EL
12500.0 0.7185929648241206 3.0002344943278955e-08 EL
12500.0 0.7236180904522613 1.480160906426939e-07 ET
12500.0 0.7286432160804021 3.831134147957261e-08 EL
12500.0 0.7336683417085427 3.4270247159024306e-08 EL
12500.0 0.7386934673366834 2.259734390112932e-08 EL
12500.0 0.7437185929648241 1.908647284808914e-08 EL
12500.0 0.7487437185929648 0 A
12500.0 0.7537688442211056 0 A
12500.0 0.7587939698492463 2.0574658293949557e-08 EL
12500.0 0.7638190954773869 2.688850311693129e-08 EL
12500.0 0.7688442211055276 5.6271306210815436e-08 EL
12500.0 0.7738693467336684 1.1067707878432917e-07 ET
12500.0 0.7788944723618091 1.8262741370959895e-08 A
12500.0 0.7839195979899498 3.6595871767610745e-08 EL
12500.0 0.7889447236180904 8.033221555457793e-08 EL
12500.0 0.7939698492462312 6.512802952218488e-08 EL
12500.0 0.7989949748743719 2.755526032150521e-07 EL
12500.0 0.8040201005025126 1.058328643487667e-07 EL
12500.0 0.8090452261306533 1.4261053929903974e-07 ET
12500.0 0.8140703517587939 3.1124553720324536e-08 A
12500.0 0.8190954773869347 1.0769090013185969e-07 A
12500.0 0.8241206030150754 8.27567022293601e-08 ET
12500.0 0.8291457286432161 4.156703138258323e-08 EL
12500.0 0.8341708542713568 5.446170516391534e-08 EL
12500.0 0.8391959798994975 1.6905640858923328e-07 EL
12500.0 0.8442211055276382 1.204514306223478e-07 EL
12500.0 0.8492462311557789 2.200562690118505e-07 EL
12500.0 0.8542713567839196 1.8957333660150952e-07 ET
12500.0 0.8592964824120604 2.4913025641692723e-07 A
12500.0 0.864321608040201 1.6820422890258372e-07 EL
12500.0 0.8693467336683417 9.020829985455452e-08 EL
12500.0 0.8743718592964824 1.2008724317634894e-07 A
12500.0 0.8793969849246231 1.8380778249532685e-07 EB
12500.0 0.8844221105527639 7.932678123986368e-08 A
12500.0 0.8894472361809045 1.3008445813340966e-07 ET
12500.0 0.8944723618090452 1.3936499649857952e-07 EL
12500.0 0.8994974874371859 8.680408372931257e-08 EL
12500.0 0.9045226130653267 9.524784760573139e-08 EL
12500.0 0.9095477386934674 9.388623820424115e-08 EL
12500.0 0.914572864321608 1.576823124081955e-07 EL
12500.0 0.9195979899497487 1.99947313646839e-07 ET
12500.0 0.9246231155778895 1.7367073063948493e-07 A
12500.0 0.9296482412060302 1.333827191792029e-07 A
12500.0 0.9346733668341709 4.1766768554846053e-07 A
12500.0 0.9396984924623115 1.6354788855010096e-07 EB
12500.0 0.9447236180904522 2.0045585025754634e-07 ET
12500.0 0.949748743718593 1.1170248981594365e-07 A
12500.0 0.9547738693467337 2.5550924535389397e-07 EB
12500.0 0.9597989949748744 1.4805945430989602e-07 A
12500.0 0.964824120603015 2.6461469223752944e-07 EL
12500.0 0.9698492462311558 2.6471029233473434e-07 A
12500.0 0.9748743718592965 1.847121869249924e-07 ER
12500.0 0.9798994974874372 1.3917531925616295e-07 ET
12500.0 0.9849246231155779 1.9631867941697177e-07 EL
12500.0 0.9899497487437187 2.0071247907190986e-07 ER
12500.0 0.9949748743718593 1.315628516947898e-07 A
12500.0 1.0 1.3068641485246828e-07 EB
20000.0 0.0 1.6056705368917975e-07 ER
20000.0 0.005025125628140704 1.605500948863849e-07 ER
20000.0 0.010050251256281407 1.6053228489729831e-07 ER
20000.0 0.01507537688442211 1.6051179723335478e-07 ER
20000.0 0.020100502512562814 1.605281683244255e-07 ER
20000.0 0.02512562814070352 1.6053727304266864e-07 ER
20000.0 0.03015075376884422 1.6057487978855194e-07 ER
20000.0 0.035175879396984924 1.606407851861518e-07 ER
20000.0 0.04020100502512563 1.6065686540491705e-07 ER
20000.0 0.04522613065326633 1.6067651730504425e-07 ER
20000.0 0.05025125628140704 1.6077248086662945e-07 ER
20000.0 0.05527638190954774 1.6100333817839354e-07 ER
20000.0 0.06030150753768844 1.611318654278422e-07 ER
20000.0 0.06532663316582915 1.6103061810796226e-07 ER
20000.0 0.07035175879396985 1.6083803343911026e-07 ER
20000.0 0.07537688442211056 1.606989955640377e-07 ER
20000.0 0.08040201005025126 1.606716221404386e-07 ER
20000.0 0.08542713567839195 1.6076067763457094e-07 ER
20000.0 0.09045226130653267 1.6077975389718176e-07 ER
20000.0 0.09547738693467336 2.0908107775109996e-07 ER
20000.0 0.10050251256281408 1.6312232614776399e-07 EL
20000.0 0.10552763819095477 1.6226121513662952e-07 ER
20000.0 0.11055276381909548 1.5899513162540207e-07 A
20000.0 0.11557788944723618 1.9282519408644773e-07 ER
20000.0 0.12060301507537688 7.672052955439545e-08 EL
20000.0 0.12562814070351758 9.339572827587735e-08 EB
20000.0 0.1306532663316583 8.604054909083993e-08 EL
20000.0 0.135678391959799 4.136776378245402e-08 EL
20000.0 0.1407035175879397 1.2528878226181114e-07 ET
20000.0 0.1457286432160804 7.28655951252196e-08 A
20000.0 0.15075376884422112 1.715941899591922e-07 ET
20000.0 0.15577889447236182 1.753116354816547e-07 EL
20000.0 0.16080402010050251 8.764809720944244e-08 EL
20000.0 0.1658291457286432 1.7596993609386767e-07 ER
20000.0 0.1708542713567839 1.3282929791646148e-07 ET
20000.0 0.17587939698492464 1.7035901608360157e-07 ER
20000.0 0.18090452261306533 1.8880993162973778e-07 ER
20000.0 0.18592964824120603 8.718043883494915e-08 EL
20000.0 0.19095477386934673 8.401453700702335e-08 EL
20000.0 0.19597989949748745 1.202096929699679e-07 ET
20000.0 0.20100502512562815 1.9980416597811375e-07 ET
20000.0 0.20603015075376885 1.2869076494532182e-07 A
20000.0 0.21105527638190955 8.2967125572275e-08 EL
20000.0 0.21608040201005024 1.3376864721077327e-07 ET
20000.0 0.22110552763819097 1.690950747287634e-07 ER
20000.0 0.22613065326633167 1.1535263286977e-07 A
20000.0 0.23115577889447236 1.2639586670701994e-07 ET
20000.0 0.23618090452261306 9.534424446284854e-08 EL
20000.0 0.24120603015075376 1.0008729858556708e-08 A
20000.0 0.24623115577889448 0 A
20000.0 0.25125628140703515 0 A
20000.0 0.2562814070351759 9.979123031028672e-09 A
20000.0 0.2613065326633166 4.1726399985871564e-08 A
20000.0 0.2663316582914573 5.511886130562549e-08 EL
20000.0 0.271356783919598 2.4744746490846303e-07 EB
20000.0 0.2763819095477387 1.1055383914055635e-07 EB
20000.0 0.2814070351758794 1.328850332782531e-07 EB
20000.0 0.2864321608040201 1.0614287160694738e-07 EB
20000.0 0.2914572864321608 1.150596775062062e-07 EB
20000.0 0.2964824120603015 1.0707736167133524e-07 EL
20000.0 0.30150753768844224 1.0834777175304537e-07 EL
20000.0 0.3065326633165829 1.0177963884439313e-07 EB
20000.0 0.31155778894472363 6.599046413992485e-08 EL
20000.0 0.3165829145728643 8.80227834151284e-08 A
20000.0 0.32160804020100503 2.355021089895359e-07 EB
20000.0 0.32663316582914576 7.16062950192622e-08 A
20000.0 0.3316582914572864 2.2048562027236273e-07 ER
20000.0 0.33668341708542715 1.4594554313335868e-07 EB
20000.0 0.3417085427135678 9.42255645814848e-08 EB
20000.0 0.34673366834170855 9.448847866421501e-08 EB
20000.0 0.35175879396984927 1.6952182255895542e-07 A
20000.0 0.35678391959798994 2.0572746433929497e-07 ER
20000.0 0.36180904522613067 4.176769708259327e-08 A
20000.0 0.36683417085427134 3.993859012764907e-08 EL
20000.0 0.37185929648241206 2.948445996134819e-08 A
20000.0 0.3768844221105528 1.6615171005896207e-07 ET
20000.0 0.38190954773869346 1.9186895023036317e-07 ER
20000.0 0.3869346733668342 5.658792788798795e-08 A
20000.0 0.3919597989949749 1.3795949650017396e-07 ET
20000.0 0.3969849246231156 2.0984027609745458e-07 ER
20000.0 0.4020100502512563 1.9598610290960673e-07 EB
20000.0 0.40703517587939697 1.6465094402872854e-07 ER
20000.0 0.4120603015075377 1.608258329880796e-07 ER
20000.0 0.4170854271356784 1.6070197865773816e-07 ER
20000.0 0.4221105527638191 1.6068459380605227e-07 ER
20000.0 0.4271356783919598 1.6074436656902943e-07 ER
20000.0 0.4321608040201005 1.6089488181131934e-07 ER
20000.0 0.4371859296482412 1.6101375437185572e-07 ER
20000.0 0.44221105527638194 1.609561663221949e-07 ER
20000.0 0.4472361809045226 1.6079802131974023e-07 ER
20000.0 0.45226130653266333 1.606888934266682e-07 ER
20000.0 0.457286432160804 1.6066868465576644e-07 ER
20000.0 0.4623115577889447 1.606450611477478e-07 ER
20000.0 0.46733668341708545 1.6057836325644697e-07 ER
20000.0 0.4723618090452261 1.6054509685162311e-07 ER
20000.0 0.47738693467336685 1.6051939405260486e-07 ER
20000.0 0.4824120603015075 1.6050620101932904e-07 ER
20000.0 0.48743718592964824 1.6050875915982633e-07 ER
20000.0 0.49246231155778897 1.6052871204323506e-07 ER
20000.0 0.49748743718592964 1.6054685979166278e-07 ER
20000.0 0.5025125628140703 1.6054389432845801e-07 ER
20000.0 0.507537688442211 1.605623432538315e-07 ER
20000.0 0.5125628140703518 1.6058190857215388e-07 ER
20000.0 0.5175879396984925 1.6060258431679895e-07 ER
20000.0 0.5226130653266332 1.606033455360866e-07 ER
20000.0 0.5276381909547738 1.6062534328131894e-07 ER
20000.0 0.5326633165829145 1.6062665878720524e-07 ER
20000.0 0.5376884422110553 1.6064843152654628e-07 ER
20000.0 0.542713567839196 1.6064877730031731e-07 ER
20000.0 0.5477386934673367 1.606690338722432e-07 ER
20000.0 0.5527638190954774 1.60688606649142e-07 ER
20000.0 0.5577889447236181 1.6070842062431583e-07 ER
20000.0 0.5628140703517588 1.6070967380427435e-07 ER
20000.0 0.5678391959798995 1.6073494121331012e-07 ER
20000.0 0.5728643216080402 1.6079330970906646e-07 ER
20000.0 0.577889447236181 1.6104940648938942e-07 ER
20000.0 0.5829145728643216 1.62731229543373e-07 ER
20000.0 0.5879396984924623 1.6205458313382178e-07 ER
20000.0 0.592964824120603 1.8255725053660857e-07 ER
20000.0 0.5979899497487438 2.075639919688559e-07 ER
20000.0 0.6030150753768845 2.2855200412094242e-07 ET
20000.0 0.6080402010050251 1.5778118806293285e-07 A
20000.0 0.6130653266331658 1.1119780243192622e-07 A
20000.0 0.6180904522613065 1.654267694871597e-07 ER
20000.0 0.6231155778894473 1.508232740690722e-07 ET
20000.0 0.628140703517588 4.193802729849279e-07 ER
20000.0 0.6331658291457286 1.2043969115298816e-07 EL
20000.0 0.6381909547738693 1.461083396952493e-07 EB
20000.0 0.6432160804020101 1.447197684834234e-07 EB
20000.0 0.6482412060301508 1.3401846409572835e-07 EB
20000.0 0.6532663316582915 2.690316092443124e-07 ET
20000.0 0.6582914572864321 1.6558665559278556e-07 ET
20000.0 0.6633165829145728 1.620631861733307e-07 ER
20000.0 0.6683417085427136 1.7965069279354175e-07 EB
20000.0 0.6733668341708543 8.45545343167549e-08 EL
20000.0 0.678391959798995 1.2178744051583884e-07 EB
20000.0 0.6834170854271356 1.1941318147072642e-07 EB
20000.0 0.6884422110552764 1.3601288346022666e-07 EB
20000.0 0.6934673366834171 1.1431582160494087e-07 EB
20000.0 0.6984924623115578 2.179554656127373e-07 EL
20000.0 0.7035175879396985 3.1867254783410064e-08 A
20000.0 0.7085427135678392 1.893584356819078e-07 ER
20000.0 0.7135678391959799 1.6793746227822664e-07 ER
20000.0 0.7185929648241206 1.9125515475784433e-07 EL
20000.0 0.7236180904522613 1.0831767075447477e-07 A
20000.0 0.7286432160804021 3.175223078258079e-08 A
20000.0 0.7336683417085427 9.49998822122149e-08 EB
20000.0 0.7386934673366834 1.210862499255741e-07 EL
20000.0 0.7437185929648241 2.745304058805754e-08 EL
20000.0 0.7487437185929648 0 A
20000.0 0.7537688442211056 0 A
20000.0 0.7587939698492463 5.714731861395322e-08 EL
20000.0 0.7638190954773869 4.188747957657168e-08 EL
20000.0 0.7688442211055276 9.689396842769372e-08 ET
20000.0 0.7738693467336684 8.83500756826226e-08 ET
20000.0 0.7788944723618091 8.746723048179758e-08 EL
20000.0 0.7839195979899498 1.9288484453818317e-07 ER
20000.0 0.7889447236180904 2.988031487422753e-07 ET
20000.0 0.7939698492462312 7.644001479697129e-08 A
20000.0 0.7989949748743719 6.406030689310887e-08 A
20000.0 0.8040201005025126 1.0786868594523161e-07 ET
20000.0 0.8090452261306533 2.1759279508039844e-07 EB
20000.0 0.8140703517587939 1.0467730193070036e-07 ET
20000.0 0.8190954773869347 1.0657404545202334e-07 ET
20000.0 0.8241206030150754 1.1284547647922572e-07 ET
20000.0 0.8291457286432161 1.5463536149160002e-07 EB
20000.0 0.8341708542713568 1.8342270516777423e-07 EB
20000.0 0.8391959798994975 1.6157331271412512e-07 ER
20000.0 0.8442211055276382 2.6990565259107464e-07 A
20000.0 0.8492462311557789 1.2463860910967925e-07 ET
20000.0 0.8542713567839196 1.656815947187648e-07 EL
20000.0 0.8592964824120604 2.0123205614215558e-07 ER
20000.0 0.864321608040201 1.363220627692691e-07 ET
20000.0 0.8693467336683417 1.347500866788592e-07 EL
20000.0 0.8743718592964824 1.5712308395712627e-07 EB
20000.0 0.8793969849246231 1.7136112613237312e-07 EB
20000.0 0.8844221105527639 2.278001929893829e-07 ET
20000.0 0.8894472361809045 1.9596488254189673e-07 ER
20000.0 0.8944723618090452 1.1340040683988944e-07 A
20000.0 0.8994974874371859 2.2314038934132742e-07 A
20000.0 0.9045226130653267 2.076096821131334e-07 ER
20000.0 0.9095477386934674 3.4304485346656444e-07 EL
20000.0 0.914572864321608 1.6138023130952e-07 ER
20000.0 0.9195979899497487 1.6375117892045612e-07 ER
20000.0 0.9246231155778895 1.614552052746464e-07 ER
20000.0 0.9296482412060302 1.609400641836943e-07 ER
20000.0 0.9346733668341709 1.6079335993173395e-07 ER
20000.0 0.9396984924623115 1.6073544530522543e-07 ER
20000.0 0.9447236180904522 1.607113033121889e-07 ER
20000.0 0.949748743718593 1.6068692109372819e-07 ER
20000.0 0.9547738693467337 1.6068396319730696e-07 ER
20000.0 0.9597989949748744 1.6066071546482498e-07 ER
20000.0 0.964824120603015 1.6065827705648683e-07 ER
20000.0 0.9698492462311558 1.6063513017192525e-07 ER
20000.0 0.9748743718592965 1.606328027206317e-07 ER
20000.0 0.9798994974874372 1.6061013261745548e-07 ER
20000.0 0.9849246231155779 1.6060895088068926e-07 ER
20000.0 0.9899497487437187 1.6058827741788138e-07 ER
20000.0 0.9949748743718593 1.60569158521566e-07 ER
20000.0 1.0 1.6055150733732519e-07 ER
27500.0 0.0 1.6014178753267853e-07 ER
27500.0 0.005025125628140704 1.601387958588484e-07 ER
27500.0 0.010050251256281407 1.6016304790328426e-07 ER
27500.0 0.01507537688442211 1.6015997009932628e-07 ER
27500.0 0.020100502512562814 1.60156853967406e-07 ER
27500.0 0.02512562814070352 1.601537081883581e-07 ER
27500.0 0.03015075376884422 1.6015054175610983e-07 ER
27500.0 0.035175879396984924 1.601473661796734e-07 ER
27500.0 0.04020100502512563 1.6017170631458624e-07 ER
27500.0 0.04522613065326633 1.6016858716161915e-07 ER
27500.0 0.05025125628140704 1.6016547806228378e-07 ER
27500.0 0.05527638190954774 1.6018998690017617e-07 ER
27500.0 0.06030150753768844 1.6018682831260682e-07 ER
27500.0 0.06532663316582915 1.601835224296473e-07 ER
27500.0 0.07035175879396985 1.60207808240285e-07 ER
27500.0 0.07537688442211056 1.6020411424178837e-07 ER
27500.0 0.08040201005025126 1.6022808130481336e-07 ER
27500.0 0.08542713567839195 1.6022373118486203e-07 ER
27500.0 0.09045226130653267 1.602464200713628e-07 ER
27500.0 0.09547738693467336 1.602385138503666e-07 ER
27500.0 0.10050251256281408 1.6028188635439865e-07 ER
27500.0 0.10552763819095477 1.6028772337078006e-07 ER
27500.0 0.11055276381909548 1.6031128573927896e-07 ER
27500.0 0.11557788944723618 1.6036186460127303e-07 ER
27500.0 0.12060301507537688 1.6036893394668306e-07 ER
27500.0 0.12562814070351758 1.603856568568658e-07 ER
27500.0 0.1306532663316583 1.6040884845273606e-07 ER
27500.0 0.135678391959799 1.6062663675352904e-07 ER
27500.0 0.1407035175879397 2.2219563450151601e-07 ET
27500.0 0.1457286432160804 1.8585175490567666e-07 ER
27500.0 0.15075376884422112 1.6584741400727327e-07 ER
27500.0 0.15577889447236182 1.0356899516053474e-07 EB
27500.0 0.16080402010050251 1.3290976074030782e-07 EB
27500.0 0.1658291457286432 1.241463332361189e-07 ET
27500.0 0.1708542713567839 7.258990361879772e-08 A
27500.0 0.17587939698492464 2.3790510867856255e-07 ER
27500.0 0.18090452261306533 1.719853726689799e-07 ER
27500.0 0.18592964824120603 1.7219750035441296e-07 ER
27500.0 0.19095477386934673 1.6045306439496628e-07 EB
27500.0 0.19597989949748745 4.200039669857399e-08 A
27500.0 0.20100502512562815 4.188618323671102e-08 A
27500.0 0.20603015075376885 1.7223623009980546e-07 EB
27500.0 0.21105527638190955 1.8931456271896874e-07 ER
27500.0 0.21608040201005024 1.572825851948904e-07 A
27500.0 0.22110552763819097 1.0508733712557654e-07 ET
27500.0 0.22613065326633167 1.6890761376726226e-07 A
27500.0 0.23115577889447236 2.3227624331439996e-07 EB
27500.0 0.23618090452261306 1.463144394284817e-07 ET
27500.0 0.24120603015075376 2.0834688819892762e-07 ER
27500.0 0.24623115577889448 0 A
27500.0 0.25125628140703515 0 A
27500.0 0.2562814070351759 9.987261261634641e-09 A
27500.0 0.2613065326633166 1.0530979603792095e-07 EB
27500.0 0.2663316582914573 1.1527283790484536e-07 EB
27500.0 0.271356783919598 9.921553141752505e-08 EB
27500.0 0.2763819095477387 1.0061883017105652e-07 EB
27500.0 0.2814070351758794 4.229464653666515e-08 A
27500.0 0.2864321608040201 1.6849762444475537e-07 ER
27500.0 0.2914572864321608 1.1697775899741668e-07 EB
27500.0 0.2964824120603015 4.197717711279358e-08 A
27500.0 0.30150753768844224 4.193814009524142e-08 A
27500.0 0.3065326633165829 4.198951747715123e-08 A
27500.0 0.31155778894472363 1.8949311652914753e-07 EB
27500.0 0.3165829145728643 1.6791890747635975e-07 ER
27500.0 0.32160804020100503 4.350848743765228e-08 A
27500.0 0.32663316582914576 1.9619589780153011e-07 ER
27500.0 0.3316582914572864 4.2509023455355156e-08 EL
27500.0 0.33668341708542715 1.0178577310453183e-07 ET
27500.0 0.3417085427135678 1.7399640948598e-07 ER
27500.0 0.34673366834170855 1.6876823263966648e-07 ER
27500.0 0.35175879396984927 1.6595418816568512e-07 ER
27500.0 0.35678391959798994 1.8793205353273248e-07 ET
27500.0 0.36180904522613067 1.606540140202817e-07 ER
27500.0 0.36683417085427134 1.6042618056555286e-07 ER
27500.0 0.37185929648241206 1.603897591247492e-07 ER
27500.0 0.3768844221105528 1.6035355180607884e-07 ER
27500.0 0.38190954773869346 1.6034089740248376e-07 ER
27500.0 0.3869346733668342 1.603425557866502e-07 ER
27500.0 0.3919597989949749 1.602920378936462e-07 ER
27500.0 0.3969849246231156 1.6029067345498438e-07 ER
27500.0 0.4020100502512563 1.6025065754367908e-07 ER
27500.0 0.40703517587939697 1.6023231365608753e-07 ER
27500.0 0.4120603015075377 1.6023858991454052e-07 ER
27500.0 0.4170854271356784 1.6021528255284668e-07 ER
27500.0 0.4221105527638191 1.6021932180333887e-07 ER
27500.0 0.4271356783919598 1.6019520472756505e-07 ER
27500.0 0.4321608040201005 1.601987084119564e-07 ER
27500.0 0.4371859296482412 1.6017429939644105e-07 ER
27500.0 0.44221105527638194 1.6017746599729899e-07 ER
27500.0 0.4472361809045226 1.6018052711634e-07 ER
27500.0 0.45226130653266333 1.6015599420283488e-07 ER
27500.0 0.457286432160804 1.6015904743698195e-07 ER
27500.0 0.4623115577889447 1.6016210779459988e-07 ER
27500.0 0.46733668341708545 1.6016517245427996e-07 ER
27500.0 0.4723618090452261 1.601408322554746e-07 ER
27500.0 0.47738693467336685 1.6014390749018036e-07 ER
27500.0 0.4824120603015075 1.6014695456407966e-07 ER
27500.0 0.48743718592964824 1.6014996427314842e-07 ER
27500.0 0.49246231155778897 1.6015292556149556e-07 ER
27500.0 0.49748743718592964 1.6015582382183037e-07 ER
27500.0 0.5025125628140703 1.6015864037763515e-07 ER
27500.0 0.507537688442211 1.6013416744475367e-07 ER
27500.0 0.5125628140703518 1.6013677726470707e-07 ER
27500.0 0.5175879396984925 1.6013923054908558e-07 ER
27500.0 0.5226130653266332 1.6014149967713793e-07 ER
27500.0 0.5276381909547738 1.601435563704267e-07 ER
27500.0 0.5326633165829145 1.6014537183660696e-07 ER
27500.0 0.5376884422110553 1.601469168507397e-07 ER
27500.0 0.542713567839196 1.601751968793188e-07 ER
27500.0 0.5477386934673367 1.6017609924573483e-07 ER
27500.0 0.5527638190954774 1.6017664624635565e-07 ER
27500.0 0.5577889447236181 1.6017681054676286e-07 ER
27500.0 0.5628140703517588 1.601765668294417e-07 ER
27500.0 0.5678391959798995 1.602028967221706e-07 ER
27500.0 0.5728643216080402 1.60201779843141e-07 ER
27500.0 0.577889447236181 1.602002037093125e-07 ER
27500.0 0.5829145728643216 1.6022520030102418e-07 ER
27500.0 0.5879396984924623 1.6022270309864964e-07 ER
27500.0 0.592964824120603 1.60246841281716e-07 ER
27500.0 0.5979899497487438 1.6027062494553351e-07 ER
27500.0 0.6030150753768845 1.6026700098496945e-07 ER
27500.0 0.6080402010050251 1.6029057305906933e-07 ER
27500.0 0.6130653266331658 1.6031475716721329e-07 ER
27500.0 0.6180904522613065 1.603403314246691e-07 ER
27500.0 0.6231155778894473 1.6036759070766108e-07 ER
27500.0 0.628140703517588 1.6042174174910852e-07 ER
27500.0 0.6331658291457286 1.6055187587676763e-07 ER
27500.0 0.6381909547738693 1.6077076578926863e-07 ER
27500.0 0.6432160804020101 1.6103440116664472e-07 ER
27500.0 0.6482412060301508 1.6088822309546002e-07 ER
27500.0 0.6532663316582915 1.60606572389919e-07 ER
27500.0 0.6582914572864321 1.609634796689748e-07 ER
27500.0 0.6633165829145728 1.1685154708149069e-07 A
27500.0 0.6683417085427136 1.7050279816311325e-07 EB
27500.0 0.6733668341708543 1.7901176194591565e-07 EB
27500.0 0.678391959798995 1.5124893280492283e-07 EB
27500.0 0.6834170854271356 1.640640948788686e-07 ER
27500.0 0.6884422110552764 1.3448705807801153e-07 EB
27500.0 0.6934673366834171 2.8801516377318987e-07 EL
27500.0 0.6984924623115578 1.653652118596034e-07 ER
27500.0 0.7035175879396985 1.4840343600961758e-07 EB
27500.0 0.7085427135678392 2.8899834204397014e-07 EB
27500.0 0.7135678391959799 1.49287543653538e-07 EB
27500.0 0.7185929648241206 1.9930959547771585e-07 ER
27500.0 0.7236180904522613 3.200268294096997e-08 A
27500.0 0.7286432160804021 1.3442311085220505e-07 EB
27500.0 0.7336683417085427 1.0999151031940573e-07 ET
27500.0 0.7386934673366834 8.54019273035778e-08 EL
27500.0 0.7437185929648241 9.245010261863435e-08 EB
27500.0 0.7487437185929648 0 A
27500.0 0.7537688442211056 0 A
27500.0 0.7587939698492463 8.885969884262329e-08 ET
27500.0 0.7638190954773869 1.0595814987630597e-07 ET
27500.0 0.7688442211055276 1.1231252702397872e-07 ET
27500.0 0.7738693467336684 1.8733032260549695e-07 ER
27500.0 0.7788944723618091 1.0197606443617469e-07 ET
27500.0 0.7839195979899498 1.535263575737698e-07 ET
27500.0 0.7889447236180904 1.0615954993028211e-07 A
27500.0 0.7939698492462312 1.6922197182544642e-07 ER
27500.0 0.7989949748743719 1.0926505833415323e-07 A
27500.0 0.8040201005025126 1.6620974829990265e-07 ER
27500.0 0.8090452261306533 1.692892232933205e-07 ER
27500.0 0.8140703517587939 8.41916616432791e-08 A
27500.0 0.8190954773869347 1.671544190776868e-07 ER
27500.0 0.8241206030150754 1.48952446220763e-07 ET
27500.0 0.8291457286432161 2.9111053413484484e-07 EB
27500.0 0.8341708542713568 1.214731396916642e-07 A
27500.0 0.8391959798994975 1.7106473681780554e-07 ER
27500.0 0.8442211055276382 1.6064976184162407e-07 ER
27500.0 0.8492462311557789 1.6067386778158445e-07 ER
27500.0 0.8542713567839196 1.6096236798491966e-07 ER
27500.0 0.8592964824120604 1.609516165785649e-07 ER
27500.0 0.864321608040201 1.6072262005297294e-07 ER
27500.0 0.8693467336683417 1.6051995783849603e-07 ER
27500.0 0.8743718592964824 1.604144396460062e-07 ER
27500.0 0.8793969849246231 1.6035944146058364e-07 ER
27500.0 0.8844221105527639 1.6033202882516627e-07 ER
27500.0 0.8894472361809045 1.6030616045876282e-07 ER
27500.0 0.8944723618090452 1.6028145919305295e-07 ER
27500.0 0.8994974874371859 1.6028444588957976e-07 ER
27500.0 0.9045226130653267 1.602602479725913e-07 ER
27500.0 0.9095477386934674 1.6023583825864442e-07 ER
27500.0 0.914572864321608 1.6023818071643092e-07 ER
27500.0 0.9195979899497487 1.6021302987439257e-07 ER
27500.0 0.9246231155778895 1.6021451770682274e-07 ER
27500.0 0.9296482412060302 1.6018852936280061e-07 ER
27500.0 0.9346733668341709 1.601891512149906e-07 ER
27500.0 0.9396984924623115 1.60189353290841e-07 ER
27500.0 0.9447236180904522 1.6018915491140034e-07 ER
27500.0 0.949748743718593 1.6016153784033222e-07 ER
27500.0 0.9547738693467337 1.6016059713898942e-07 ER
27500.0 0.9597989949748744 1.601593264170554e-07 ER
27500.0 0.964824120603015 1.6015775329397962e-07 ER
27500.0 0.9698492462311558 1.6015590582251512e-07 ER
27500.0 0.9748743718592965 1.6015381218111626e-07 ER
27500.0 0.9798994974874372 1.601515005265614e-07 ER
27500.0 0.9849246231155779 1.6014899892313757e-07 ER
27500.0 0.9899497487437187 1.601463352052977e-07 ER
27500.0 0.9949748743718593 1.601435366000774e-07 ER
27500.0 1.0 1.601406289741453e-07 ER
35000.0 0.0 1.6007747965186515e-07 ER
35000.0 0.005025125628140704 1.6007337169761925e-07 ER
35000.0 0.010050251256281407 1.600692291588778e-07 ER
35000.0 0.01507537688442211 1.6006508114157145e-07 ER
35000.0 0.020100502512562814 1.6006095801714373e-07 ER
35000.0 0.02512562814070352 1.600568908548804e-07 ER
35000.0 0.03015075376884422 1.6005291075654775e-07 ER
35000.0 0.035175879396984924 1.6008338378095697e-07 ER
35000.0 0.04020100502512563 1.6007970198640723e-07 ER
35000.0 0.04522613065326633 1.60076196002071e-07 ER
35000.0 0.05025125628140704 1.6007289009925871e-07 ER
35000.0 0.05527638190954774 1.6006980580783034e-07 ER
35000.0 0.06030150753768844 1.6006696188327504e-07 ER
35000.0 0.06532663316582915 1.6006437448381196e-07 ER
35000.0 0.07035175879396985 1.600966650909665e-07 ER
35000.0 0.07537688442211056 1.6009467216686547e-07 ER
35000.0 0.08040201005025126 1.600929709440822e-07 ER
35000.0 0.08542713567839195 1.6009157006871351e-07 ER
35000.0 0.09045226130653267 1.6009047905786094e-07 ER
35000.0 0.09547738693467336 1.6008970844157937e-07 ER
35000.0 0.10050251256281408 1.6012413550340536e-07 ER
35000.0 0.10552763819095477 1.6012406874539973e-07 ER
35000.0 0.11055276381909548 1.601243319040062e-07 ER
35000.0 0.11557788944723618 1.6012494746811951e-07 ER
35000.0 0.12060301507537688 1.6016105385965068e-07 ER
35000.0 0.12562814070351758 1.6016262567215886e-07 ER
35000.0 0.1306532663316583 1.6016458550113636e-07 ER
35000.0 0.135678391959799 1.602018418231471e-07 ER
35000.0 0.1407035175879397 1.6020335802820442e-07 ER
35000.0 0.1457286432160804 1.6024016008041276e-07 ER
35000.0 0.15075376884422112 1.6024307835213966e-07 ER
35000.0 0.15577889447236182 1.6024771075093198e-07 ER
35000.0 0.16080402010050251 1.6036319177498032e-07 ER
35000.0 0.1658291457286432 1.6150706876034183e-07 ER
35000.0 0.1708542713567839 1.5626058886829227e-07 EB
35000.0 0.17587939698492464 2.269286685968776e-07 EL
35000.0 0.18090452261306533 9.428419761892487e-08 EB
35000.0 0.18592964824120603 4.1086781857496096e-08 EL
35000.0 0.19095477386934673 8.780290438815434e-08 A
35000.0 0.19597989949748745 1.560056214945392e-07 ET
35000.0 0.20100502512562815 2.08175009930448e-07 EB
35000.0 0.20603015075376885 1.6628085331355005e-07 ER
35000.0 0.21105527638190955 1.0533490242459938e-07 A
35000.0 0.21608040201005024 1.6626399762825307e-07 ER
35000.0 0.22110552763819097 1.0017755879574693e-07 A
35000.0 0.22613065326633167 1.8446388348621565e-07 ER
35000.0 0.23115577889447236 1.9778100539835534e-07 EB
35000.0 0.23618090452261306 1.8578342027174387e-07 ER
35000.0 0.24120603015075376 1.257286315549662e-07 ET
35000.0 0.24623115577889448 0 A
35000.0 0.25125628140703515 0 A
35000.0 0.2562814070351759 9.989724790553085e-09 A
35000.0 0.2613065326633166 1.1889526383237627e-07 EB
35000.0 0.2663316582914573 1.0389173964515214e-07 EB
35000.0 0.271356783919598 2.2169333145161137e-07 EB
35000.0 0.2763819095477387 4.170498988437438e-08 A
35000.0 0.2814070351758794 1.6809544634901617e-07 ER
35000.0 0.2864321608040201 1.0524240786228248e-07 A
35000.0 0.2914572864321608 1.7021510896108822e-07 ER
35000.0 0.2964824120603015 1.7453049464676528e-07 ER
35000.0 0.30150753768844224 1.3031648441839533e-07 EB
35000.0 0.3065326633165829 1.270518563803987e-07 EB
35000.0 0.31155778894472363 9.142127855934272e-08 EB
35000.0 0.3165829145728643 9.215581621273335e-08 EL
35000.0 0.32160804020100503 1.7284028857752084e-07 EB
35000.0 0.32663316582914576 1.502399994765059e-07 ET
35000.0 0.3316582914572864 1.6661260579082096e-07 ER
35000.0 0.33668341708542715 1.6046472088419442e-07 ER
35000.0 0.3417085427135678 1.6027274631385644e-07 ER
35000.0 0.34673366834170855 1.6023986353931913e-07 ER
35000.0 0.35175879396984927 1.6023566562960476e-07 ER
35000.0 0.35678391959798994 1.6019833308917153e-07 ER
35000.0 0.36180904522613067 1.6019709528632958e-07 ER
35000.0 0.36683417085427134 1.6016007523809575e-07 ER
35000.0 0.37185929648241206 1.601581301826722e-07 ER
35000.0 0.3768844221105528 1.601563959140773e-07 ER
35000.0 0.38190954773869346 1.6012007071870618e-07 ER
35000.0 0.3869346733668342 1.6011928070778241e-07 ER
35000.0 0.3919597989949749 1.6011886452099844e-07 ER
35000.0 0.3969849246231156 1.6011878255551352e-07 ER
35000.0 0.4020100502512563 1.6011902697317446e-07 ER
35000.0 0.40703517587939697 1.6008480614840346e-07 ER
35000.0 0.4120603015075377 1.6008574275981003e-07 ER
35000.0 0.4170854271356784 1.6008699052953857e-07 ER
35000.0 0.4221105527638191 1.600885396507457e-07 ER
35000.0 0.4271356783919598 1.6009038114174695e-07 ER
35000.0 0.4321608040201005 1.6009250568672803e-07 ER
35000.0 0.4371859296482412 1.6009490234877732e-07 ER
35000.0 0.44221105527638194 1.6006306402495956e-07 ER
35000.0 0.4472361809045226 1.600660027392637e-07 ER
35000.0 0.45226130653266333 1.6006916545065154e-07 ER
35000.0 0.457286432160804 1.6007253098549332e-07 ER
35000.0 0.4623115577889447 1.6007607540099727e-07 ER
35000.0 0.46733668341708545 1.6007977223371149e-07 ER
35000.0 0.4723618090452261 1.600835929512124e-07 ER
35000.0 0.47738693467336685 1.600532475892565e-07 ER
35000.0 0.4824120603015075 1.6005724741413612e-07 ER
35000.0 0.48743718592964824 1.6006127591835406e-07 ER
35000.0 0.49246231155778897 1.6006530279490353e-07 ER
35000.0 0.49748743718592964 1.6006929902610002e-07 ER
35000.0 0.5025125628140703 1.6007323733536292e-07 ER
35000.0 0.507537688442211 1.6007709247788617e-07 ER
35000.0 0.5125628140703518 1.6008084137058795e-07 ER
35000.0 0.5175879396984925 1.6008446307602344e-07 ER
35000.0 0.5226130653266332 1.600879386620783e-07 ER
35000.0 0.5276381909547738 1.6005707772099752e-07 ER
35000.0 0.5326633165829145 1.600602096655821e-07 ER
35000.0 0.5376884422110553 1.60063147940703e-07 ER
35000.0 0.542713567839196 1.6006587900737417e-07 ER
35000.0 0.5477386934673367 1.6006838949259512e-07 ER
35000.0 0.5527638190954774 1.6007066568836436e-07 ER
35000.0 0.5577889447236181 1.6007269300449942e-07 ER
35000.0 0.5628140703517588 1.6007445535556097e-07 ER
35000.0 0.5678391959798995 1.6007593445051486e-07 ER
35000.0 0.5728643216080402 1.6007710893884053e-07 ER
35000.0 0.577889447236181 1.6011208152406818e-07 ER
35000.0 0.5829145728643216 1.6011254319167298e-07 ER
35000.0 0.5879396984924623 1.6011259951285209e-07 ER
35000.0 0.592964824120603 1.6011220138564374e-07 ER
35000.0 0.5979899497487438 1.6011128657905502e-07 ER
35000.0 0.6030150753768845 1.6010977543219435e-07 ER
35000.0 0.6080402010050251 1.6014144096285577e-07 ER
35000.0 0.6130653266331658 1.6013831576261363e-07 ER
35000.0 0.6180904522613065 1.6013417312934044e-07 ER
35000.0 0.6231155778894473 1.6016236875956175e-07 ER
35000.0 0.628140703517588 1.601554168048245e-07 ER
35000.0 0.6331658291457286 1.6018011941361456e-07 ER
35000.0 0.6381909547738693 1.6020307658850145e-07 ER
35000.0 0.6432160804020101 1.6022508149340661e-07 ER
35000.0 0.6482412060301508 1.6021322222393457e-07 ER
35000.0 0.6532663316582915 1.6026525616636922e-07 ER
35000.0 0.6582914572864321 1.6031448724525297e-07 ER
35000.0 0.6633165829145728 1.603106494080442e-07 ER
35000.0 0.6683417085427136 1.6039252400850375e-07 ER
35000.0 0.6733668341708543 1.6141083469402653e-07 ER
35000.0 0.678391959798995 1.6095827906812936e-07 ER
35000.0 0.6834170854271356 1.6109113032362378e-07 ER
35000.0 0.6884422110552764 1.7761483104981384e-07 EB
35000.0 0.6934673366834171 2.027651794431002e-07 EL
35000.0 0.6984924623115578 2.624610456883158e-07 EB
35000.0 0.7035175879396985 1.6639387948562422e-07 ER
35000.0 0.7085427135678392 1.8538459796967213e-07 EB
35000.0 0.7135678391959799 8.30222578488429e-08 A
35000.0 0.7185929648241206 1.9226682067226704e-07 ET
35000.0 0.7236180904522613 1.2232384469009034e-07 A
35000.0 0.7286432160804021 1.7121091934805487e-07 ER
35000.0 0.7336683417085427 1.2946311698410394e-07 A
35000.0 0.7386934673366834 1.2294700763711012e-07 EB
35000.0 0.7437185929648241 1.8151000315373486e-07 EB
35000.0 0.7487437185929648 0 A
35000.0 0.7537688442211056 0 A
35000.0 0.7587939698492463 8.814567546035114e-08 ET
35000.0 0.7638190954773869 1.6026997393028337e-07 ET
35000.0 0.7688442211055276 1.0981037691920206e-07 ET
35000.0 0.7738693467336684 1.293595272563891e-07 ET
35000.0 0.7788944723618091 1.63689177712796e-07 EB
35000.0 0.7839195979899498 8.280150069305594e-08 A
35000.0 0.7889447236180904 1.5306631066177005e-07 EB
35000.0 0.7939698492462312 1.661797216965596e-07 ET
35000.0 0.7989949748743719 1.349863385342685e-07 A
35000.0 0.8040201005025126 1.6101141869983772e-07 ER
35000.0 0.8090452261306533 1.736380685568909e-07 ER
35000.0 0.8140703517587939 1.9688522925393017e-07 ER
35000.0 0.8190954773869347 1.60489145919375e-07 ER
35000.0 0.8241206030150754 1.6177867563692496e-07 ER
35000.0 0.8291457286432161 1.6080497355907835e-07 ER
35000.0 0.8341708542713568 1.6035055737087204e-07 ER
35000.0 0.8391959798994975 1.6033850521309117e-07 ER
35000.0 0.8442211055276382 1.6028185717843968e-07 ER
35000.0 0.8492462311557789 1.6026586944013885e-07 ER
35000.0 0.8542713567839196 1.6021200000938423e-07 ER
35000.0 0.8592964824120604 1.6018995322554936e-07 ER
35000.0 0.864321608040201 1.6020045433276777e-07 ER
35000.0 0.8693467336683417 1.601766012413597e-07 ER
35000.0 0.8743718592964824 1.6015099340286252e-07 ER
35000.0 0.8793969849246231 1.6015717859507713e-07 ER
35000.0 0.8844221105527639 1.6012831496144917e-07 ER
35000.0 0.8894472361809045 1.6013190625028892e-07 ER
35000.0 0.8944723618090452 1.6013455193707335e-07 ER
35000.0 0.8994974874371859 1.601364034431218e-07 ER
35000.0 0.9045226130653267 1.6010359600901125e-07 ER
35000.0 0.9095477386934674 1.601041533478564e-07 ER
35000.0 0.914572864321608 1.601042131880741e-07 ER
35000.0 0.9195979899497487 1.601038324554575e-07 ER
35000.0 0.9246231155778895 1.601030565022997e-07 ER
35000.0 0.9296482412060302 1.6010192192803653e-07 ER
35000.0 0.9346733668341709 1.601004587180181e-07 ER
35000.0 0.9396984924623115 1.6009869187629622e-07 ER
35000.0 0.9447236180904522 1.600966426926503e-07 ER
35000.0 0.949748743718593 1.600943297496618e-07 ER
35000.0 0.9547738693467337 1.600917697472804e-07 ER
35000.0 0.9597989949748744 1.6008897820047586e-07 ER
35000.0 0.964824120603015 1.6008597004818883e-07 ER
35000.0 0.9698492462311558 1.6008276019834295e-07 ER
35000.0 0.9748743718592965 1.6007936402245562e-07 ER
35000.0 0.9798994974874372 1.6007579780401602e-07 ER
35000.0 0.9849246231155779 1.6007207913665204e-07 ER
35000.0 0.9899497487437187 1.6006822726145197e-07 ER
35000.0 0.9949748743718593 1.6006426332694953e-07 ER
35000.0 1.0 1.6006021055126382e-07 ER
42500.0 0.0 1.600446128599764e-07 ER
42500.0 0.005025125628140704 1.6004208296252113e-07 ER
42500.0 0.010050251256281407 1.6003945175175457e-07 ER
42500.0 0.01507537688442211 1.6003671923147823e-07 ER
42500.0 0.020100502512562814 1.6003388648916976e-07 ER
42500.0 0.02512562814070352 1.600309562824078e-07 ER
42500.0 0.03015075376884422 1.6002793374167958e-07 ER
42500.0 0.035175879396984924 1.60066633244478e-07 ER
42500.0 0.04020100502512563 1.6006343667159386e-07 ER
42500.0 0.04522613065326633 1.6006018917737067e-07 ER
42500.0 0.05025125628140704 1.600569143638785e-07 ER
42500.0 0.05527638190954774 1.600536417098351e-07 ER
42500.0 0.06030150753768844 1.600504064788058e-07 ER
42500.0 0.06532663316582915 1.600472491041446e-07 ER
42500.0 0.07035175879396985 1.6004421401564585e-07 ER
42500.0 0.07537688442211056 1.60041347967707e-07 ER
42500.0 0.08040201005025126 1.6003869804152535e-07 ER
42500.0 0.08542713567839195 1.6003630959117863e-07 ER
42500.0 0.09045226130653267 1.6007612927818042e-07 ER
42500.0 0.09547738693467336 1.6007442641914503e-07 ER
42500.0 0.10050251256281408 1.6007309835100698e-07 ER
42500.0 0.10552763819095477 1.600721709092644e-07 ER
42500.0 0.11055276381909548 1.6007166583621587e-07 ER
42500.0 0.11557788944723618 1.6007160231760503e-07 ER
42500.0 0.12060301507537688 1.6007199947767423e-07 ER
42500.0 0.12562814070351758 1.6007287852151243e-07 ER
42500.0 0.1306532663316583 1.600742616158933e-07 ER
42500.0 0.135678391959799 1.6007617269320393e-07 ER
42500.0 0.1407035175879397 1.60121040937529e-07 ER
42500.0 0.1457286432160804 1.6012427007054907e-07 ER
42500.0 0.15075376884422112 1.601283291188064e-07 ER
42500.0 0.15577889447236182 1.6013315934369173e-07 ER
42500.0 0.16080402010050251 1.601383713384355e-07 ER
42500.0 0.1658291457286432 1.6018675315565777e-07 ER
42500.0 0.1708542713567839 1.6019583581099055e-07 ER
42500.0 0.17587939698492464 1.6021427011783838e-07 ER
42500.0 0.18090452261306533 1.6056362770560074e-07 ER
42500.0 0.18592964824120603 1.679478198280416e-07 ER
42500.0 0.19095477386934673 1.6631955691940387e-07 ER
42500.0 0.19597989949748745 9.172605992996787e-08 EB
42500.0 0.20100502512562815 1.1979597029069357e-07 A
42500.0 0.20603015075376885 1.7623721229021352e-07 ET
42500.0 0.21105527638190955 1.3035355005601719e-07 ET
42500.0 0.21608040201005024 7.12586528134577e-08 A
42500.0 0.22110552763819097 6.122419038380815e-08 A
42500.0 0.22613065326633167 1.667585654213293e-07 ER
42500.0 0.23115577889447236 1.662567851586133e-07 ER
42500.0 0.23618090452261306 1.6647896112908452e-07 ER
42500.0 0.24120603015075376 1.0626817375974497e-07 ET
42500.0 0.24623115577889448 0 A
42500.0 0.25125628140703515 0 A
42500.0 0.2562814070351759 1.0031199032791133e-08 A
42500.0 0.2613065326633166 3.2393315583857794e-08 A
42500.0 0.2663316582914573 1.6551407926294502e-07 ER
42500.0 0.271356783919598 1.7595828763476832e-07 ER
42500.0 0.2763819095477387 5.127909313964315e-08 A
42500.0 0.2814070351758794 1.6697288325252987e-07 ER
42500.0 0.2864321608040201 1.6791624831433277e-07 ER
42500.0 0.2914572864321608 1.6935433844890666e-07 ER
42500.0 0.2964824120603015 1.6056700964934506e-07 EB
42500.0 0.30150753768844224 9.126907268313003e-08 EB
42500.0 0.3065326633165829 9.209457626465865e-08 A
42500.0 0.31155778894472363 1.513581820078987e-07 A
42500.0 0.3165829145728643 1.6627821729734517e-07 ER
42500.0 0.32160804020100503 1.6029526744024422e-07 ER
42500.0 0.32663316582914576 1.6020035647052912e-07 ER
42500.0 0.3316582914572864 1.6018728753089075e-07 ER
42500.0 0.33668341708542715 1.6018049070459425e-07 ER
42500.0 0.3417085427135678 1.6013250835443878e-07 ER
42500.0 0.34673366834170855 1.6012748804169441e-07 ER
42500.0 0.35175879396984927 1.6012307032201847e-07 ER
42500.0 0.35678391959798994 1.6011947789974943e-07 ER
42500.0 0.36180904522613067 1.60116639461135e-07 ER
42500.0 0.36683417085427134 1.6007212159573113e-07 ER
42500.0 0.37185929648241206 1.6007049780872867e-07 ER
42500.0 0.3768844221105528 1.6006938614976037e-07 ER
42500.0 0.38190954773869346 1.6006876379155747e-07 ER
42500.0 0.3869346733668342 1.6006860852339784e-07 ER
42500.0 0.3919597989949749 1.6006889988970655e-07 ER
42500.0 0.3969849246231156 1.600696182145795e-07 ER
42500.0 0.4020100502512563 1.600707420785562e-07 ER
42500.0 0.40703517587939697 1.6007224642080978e-07 ER
42500.0 0.4120603015075377 1.6007410145924629e-07 ER
42500.0 0.4170854271356784 1.600344252084135e-07 ER
42500.0 0.4221105527638191 1.6003690122255722e-07 ER
42500.0 0.4271356783919598 1.6003960301808154e-07 ER
42500.0 0.4321608040201005 1.6004248375429346e-07 ER
42500.0 0.4371859296482412 1.6004549646703057e-07 ER
42500.0 0.44221105527638194 1.6004859611080088e-07 ER
42500.0 0.4472361809045226 1.6005174132962432e-07 ER
42500.0 0.45226130653266333 1.6005489575560673e-07 ER
42500.0 0.457286432160804 1.600580287482883e-07 ER
42500.0 0.4623115577889447 1.600611155910319e-07 ER
42500.0 0.46733668341708545 1.6006413723368018e-07 ER
42500.0 0.4723618090452261 1.6006707970968856e-07 ER
42500.0 0.47738693467336685 1.6002805923285982e-07 ER
42500.0 0.4824120603015075 1.6003079343963964e-07 ER
42500.0 0.48743718592964824 1.6003342886069046e-07 ER
42500.0 0.49246231155778897 1.6003596426233568e-07 ER
42500.0 0.49748743718592964 1.6003839960191335e-07 ER
42500.0 0.5025125628140703 1.6004073553456224e-07 ER
42500.0 0.507537688442211 1.6004297303228017e-07 ER
42500.0 0.5125628140703518 1.6004511310053364e-07 ER
42500.0 0.5175879396984925 1.6004715657523592e-07 ER
42500.0 0.5226130653266332 1.6004910398329004e-07 ER
42500.0 0.5276381909547738 1.600509554516094e-07 ER
42500.0 0.5326633165829145 1.6005271065198131e-07 ER
42500.0 0.5376884422110553 1.6005436877141416e-07 ER
42500.0 0.542713567839196 1.6005592849983358e-07 ER
42500.0 0.5477386934673367 1.6005738802883784e-07 ER
42500.0 0.5527638190954774 1.60058745056453e-07 ER
42500.0 0.5577889447236181 1.6005999679409546e-07 ER
42500.0 0.5628140703517588 1.6006113997243882e-07 ER
42500.0 0.5678391959798995 1.6006217084327326e-07 ER
42500.0 0.5728643216080402 1.600630851745345e-07 ER
42500.0 0.577889447236181 1.6006387823521142e-07 ER
42500.0 0.5829145728643216 1.600645447662281e-07 ER
42500.0 0.5879396984924623 1.60065078931913e-07 ER
42500.0 0.592964824120603 1.6006547424477267e-07 ER
42500.0 0.5979899497487438 1.6006572345279504e-07 ER
42500.0 0.6030150753768845 1.600658183734525e-07 ER
42500.0 0.6080402010050251 1.6006574965017197e-07 ER
42500.0 0.6130653266331658 1.6006550639346087e-07 ER
42500.0 0.6180904522613065 1.6006507564589e-07 ER
42500.0 0.6231155778894473 1.601066151850948e-07 ER
42500.0 0.628140703517588 1.601057360849793e-07 ER
42500.0 0.6331658291457286 1.601046012200487e-07 ER
42500.0 0.6381909547738693 1.601031731215655e-07 ER
42500.0 0.6432160804020101 1.6010139816357935e-07 ER
42500.0 0.6482412060301508 1.6014117257447905e-07 ER
42500.0 0.6532663316582915 1.601383280911757e-07 ER
42500.0 0.6582914572864321 1.601346714423915e-07 ER
42500.0 0.6633165829145728 1.6017136189379745e-07 ER
42500.0 0.6683417085427136 1.6020535657908915e-07 ER
42500.0 0.6733668341708543 1.6019334388468876e-07 ER
42500.0 0.678391959798995 1.6025210977780722e-07 ER
42500.0 0.6834170854271356 1.602682138794817e-07 ER
42500.0 0.6884422110552764 1.6046388857140431e-07 ER
42500.0 0.6934673366834171 1.610969956505425e-07 ER
42500.0 0.6984924623115578 1.871803337538809e-07 ER
42500.0 0.7035175879396985 1.638228443880963e-07 ER
42500.0 0.7085427135678392 1.6515066675711675e-07 ER
42500.0 0.7135678391959799 1.609805354789159e-07 ER
42500.0 0.7185929648241206 1.6463608071857346e-07 ER
42500.0 0.7236180904522613 1.3203452594540574e-07 EB
42500.0 0.7286432160804021 7.948753230224674e-08 A
42500.0 0.7336683417085427 1.644705850281537e-07 A
42500.0 0.7386934673366834 1.7383868955028632e-07 ER
42500.0 0.7437185929648241 1.115933436336154e-07 EB
42500.0 0.7487437185929648 0 A
42500.0 0.7537688442211056 0 A
42500.0 0.7587939698492463 1.1406852376566817e-07 ET
42500.0 0.7638190954773869 1.5532362535255034e-07 ET
42500.0 0.7688442211055276 1.623483140197338e-07 ER
42500.0 0.7738693467336684 1.6699915000883385e-07 ER
42500.0 0.7788944723618091 1.7184234381318973e-07 ER
42500.0 0.7839195979899498 1.6891415626065566e-07 ER
42500.0 0.7889447236180904 1.627830098307e-07 ER
42500.0 0.7939698492462312 1.6931280340871571e-07 ER
42500.0 0.7989949748743719 1.6523430583106326e-07 ER
42500.0 0.8040201005025126 1.6048811679151163e-07 ER
42500.0 0.8090452261306533 1.6209281527872864e-07 ER
42500.0 0.8140703517587939 1.6030767529899177e-07 ER
42500.0 0.8190954773869347 1.6027189874564863e-07 ER
42500.0 0.8241206030150754 1.6021999724715966e-07 ER
42500.0 0.8291457286432161 1.601958925371288e-07 ER
42500.0 0.8341708542713568 1.6016415391677743e-07 ER
42500.0 0.8391959798994975 1.6017029594604532e-07 ER
42500.0 0.8442211055276382 1.6013288171369396e-07 ER
42500.0 0.8492462311557789 1.6013609755966842e-07 ER
42500.0 0.8542713567839196 1.601386087793677e-07 ER
42500.0 0.8592964824120604 1.6009855088054312e-07 ER
42500.0 0.864321608040201 1.6010009057100303e-07 ER
42500.0 0.8693467336683417 1.6010130295276402e-07 ER
42500.0 0.8743718592964824 1.6010223450882978e-07 ER
42500.0 0.8793969849246231 1.6010291848841363e-07 ER
42500.0 0.8844221105527639 1.6006119596735796e-07 ER
42500.0 0.8894472361809045 1.6006144282341995e-07 ER
42500.0 0.8944723618090452 1.600615049257464e-07 ER
42500.0 0.8994974874371859 1.6006139458939924e-07 ER
42500.0 0.9045226130653267 1.6006112226640548e-07 ER
42500.0 0.9095477386934674 1.6006069700265307e-07 ER
42500.0 0.914572864321608 1.600601267469206e-07 ER
42500.0 0.9195979899497487 1.600594185618027e-07 ER
42500.0 0.9246231155778895 1.60058578767966e-07 ER
42500.0 0.9296482412060302 1.6005761304206267e-07 ER
42500.0 0.9346733668341709 1.6005652648184974e-07 ER
42500.0 0.9396984924623115 1.600553236477029e-07 ER
42500.0 0.9447236180904522 1.600540085870485e-07 ER
42500.0 0.949748743718593 1.60052584846467e-07 ER
42500.0 0.9547738693467337 1.6005105547520488e-07 ER
42500.0 0.9597989949748744 1.6004942302329738e-07 ER
42500.0 0.964824120603015 1.6004768953733284e-07 ER
42500.0 0.9698492462311558 1.6004585655715287e-07 ER
42500.0 0.9748743718592965 1.6004392511727986e-07 ER
42500.0 0.9798994974874372 1.6004189575781514e-07 ER
42500.0 0.9849246231155779 1.6003976855084337e-07 ER
42500.0 0.9899497487437187 1.6003754315001526e-07 ER
42500.0 0.9949748743718593 1.600352188730793e-07 ER
42500.0 1.0 1.6003279482948429e-07 ER
50000.0 0.0 1.6004829964846392e-07 ER
50000.0 0.005025125628140704 1.600468400187349e-07 ER
50000.0 0.010050251256281407 1.6004533640192704e-07 ER
50000.0 0.01507537688442211 1.6004378774136847e-07 ER
50000.0 0.020100502512562814 1.600421924710878e-07 ER
50000.0 0.02512562814070352 1.6004054852397625e-07 ER
50000.0 0.03015075376884422 1.6003885337236724e-07 ER
50000.0 0.035175879396984924 1.6003710411803804e-07 ER
50000.0 0.04020100502512563 1.6003529765498724e-07 ER
50000.0 0.04522613065326633 1.6003343093560394e-07 ER
50000.0 0.05025125628140704 1.6003150137811178e-07 ER
50000.0 0.05527638190954774 1.60029507458774e-07 ER
50000.0 0.06030150753768844 1.6002744953192443e-07 ER
50000.0 0.06532663316582915 1.6002533090886565e-07 ER
50000.0 0.07035175879396985 1.6002315919459904e-07 ER
50000.0 0.07537688442211056 1.6002094782220156e-07 ER
50000.0 0.08040201005025126 1.6001871763600427e-07 ER
50000.0 0.08542713567839195 1.6006576988377214e-07 ER
50000.0 0.09045226130653267 1.6006359459578848e-07 ER
50000.0 0.09547738693467336 1.6006152686861097e-07 ER
50000.0 0.10050251256281408 1.6005962435508233e-07 ER
50000.0 0.10552763819095477 1.6005794968334422e-07 ER
50000.0 0.11055276381909548 1.6005656688334073e-07 ER
50000.0 0.11557788944723618 1.6005553765444262e-07 ER
50000.0 0.12060301507537688 1.6005491830816147e-07 ER
50000.0 0.12562814070351758 1.6005475810556673e-07 ER
50000.0 0.1306532663316583 1.6005509932979948e-07 ER
50000.0 0.135678391959799 1.600559790857798e-07 ER
50000.0 0.1407035175879397 1.6005743297976647e-07 ER
50000.0 0.1457286432160804 1.6005949979349366e-07 ER
50000.0 0.15075376884422112 1.6006222350871264e-07 ER
50000.0 0.15577889447236182 1.6006566223537774e-07 ER
50000.0 0.16080402010050251 1.6006993910817322e-07 ER
50000.0 0.1658291457286432 1.6007527341703653e-07 ER
50000.0 0.1708542713567839 1.6013167400973744e-07 ER
50000.0 0.17587939698492464 1.6013883035412126e-07 ER
50000.0 0.18090452261306533 1.6014743636606083e-07 ER
50000.0 0.18592964824120603 1.6016588749444222e-07 ER
50000.0 0.19095477386934673 1.603513078828951e-07 ER
50000.0 0.19597989949748745 1.6285000131050315e-07 ER
50000.0 0.20100502512562815 1.661601688489178e-07 EB
50000.0 0.20603015075376885 1.9951239738522426e-08 A
50000.0 0.21105527638190955 1.6781251491719386e-07 ER
50000.0 0.21608040201005024 1.6287330892708535e-07 ER
50000.0 0.22110552763819097 1.7073118767559016e-07 ER
50000.0 0.22613065326633167 6.105908301569804e-08 A
50000.0 0.23115577889447236 1.6215249475249497e-07 ER
50000.0 0.23618090452261306 1.6932703245137886e-07 ER
50000.0 0.24120603015075376 1.798218328728861e-07 ER
50000.0 0.24623115577889448 0 A
50000.0 0.25125628140703515 0 A
50000.0 0.2562814070351759 1.684796859205684e-07 EB
50000.0 0.2613065326633166 1.6355928242381252e-07 A
50000.0 0.2663316582914573 1.580302845194015e-07 EB
50000.0 0.271356783919598 1.6199569497968513e-07 ER
50000.0 0.2763819095477387 1.7307096129067759e-07 ER
50000.0 0.2814070351758794 1.640980407119339e-07 ER
50000.0 0.2864321608040201 8.748548050185578e-08 A
50000.0 0.2914572864321608 1.324151076232765e-07 EB
50000.0 0.2964824120603015 2.0013697988108874e-08 A
50000.0 0.30150753768844224 1.2449197288399525e-07 A
50000.0 0.3065326633165829 1.6141596403245647e-07 ER
50000.0 0.31155778894472363 1.6023269165449587e-07 ER
50000.0 0.3165829145728643 1.6015232730903096e-07 ER
50000.0 0.32160804020100503 1.6014063260324481e-07 ER
50000.0 0.32663316582914576 1.6013311857105593e-07 ER
50000.0 0.3316582914572864 1.6012625804808198e-07 ER
50000.0 0.33668341708542715 1.6007046518946708e-07 ER
50000.0 0.3417085427135678 1.6006571737908965e-07 ER
50000.0 0.34673366834170855 1.6006190342496507e-07 ER
50000.0 0.35175879396984927 1.6005885088465498e-07 ER
50000.0 0.35678391959798994 1.6005647858074445e-07 ER
50000.0 0.36180904522613067 1.600547374528691e-07 ER
50000.0 0.36683417085427134 1.6005358559152868e-07 ER
50000.0 0.37185929648241206 1.6005298537127252e-07 ER
50000.0 0.3768844221105528 1.6005289960925946e-07 ER
50000.0 0.38190954773869346 1.600532872683673e-07 ER
50000.0 0.3869346733668342 1.6005410095004846e-07 ER
50000.0 0.3919597989949749 1.6005528620565716e-07 ER
50000.0 0.3969849246231156 1.6005678262109077e-07 ER
50000.0 0.4020100502512563 1.6005852646377973e-07 ER
50000.0 0.40703517587939697 1.6006045427016788e-07 ER
50000.0 0.4120603015075377 1.600625065408571e-07 ER
50000.0 0.4170854271356784 1.6006463078319544e-07 ER
50000.0 0.4221105527638191 1.600174809058301e-07 ER
50000.0 0.4271356783919598 1.600196053700894e-07 ER
50000.0 0.4321608040201005 1.6002169588427673e-07 ER
50000.0 0.4371859296482412 1.600237369834224e-07 ER
50000.0 0.44221105527638194 1.6002571952237564e-07 ER
50000.0 0.4472361809045226 1.6002763910186532e-07 ER
50000.0 0.45226130653266333 1.6002949465854443e-07 ER
50000.0 0.457286432160804 1.6003128730335754e-07 ER
50000.0 0.4623115577889447 1.6003301942395005e-07 ER
50000.0 0.46733668341708545 1.6003469402708387e-07 ER
50000.0 0.4723618090452261 1.6003631427987413e-07 ER
50000.0 0.47738693467336685 1.6003788320542385e-07 ER
50000.0 0.4824120603015075 1.60039403492832e-07 ER
50000.0 0.48743718592964824 1.6004087738852488e-07 ER
50000.0 0.49246231155778897 1.6004230664348786e-07 ER
50000.0 0.49748743718592964 1.600436924974404e-07 ER
50000.0 0.5025125628140703 1.6004503568642713e-07 ER
50000.0 0.507537688442211 1.600463364644337e-07 ER
50000.0 0.5125628140703518 1.6004759463254368e-07 ER
50000.0 0.5175879396984925 1.6004880957148585e-07 ER
50000.0 0.5226130653266332 1.6004998027483896e-07 ER
50000.0 0.5276381909547738 1.6005110538121651e-07 ER
50000.0 0.5326633165829145 1.6005218320458954e-07 ER
50000.0 0.5376884422110553 1.6005321176219406e-07 ER
50000.0 0.542713567839196 1.6005418879992892e-07 ER
50000.0 0.5477386934673367 1.6005511181529398e-07 ER
50000.0 0.5527638190954774 1.6005597807798448e-07 ER
50000.0 0.5577889447236181 1.6005678464841934e-07 ER
50000.0 0.5628140703517588 1.600575283943901e-07 ER
50000.0 0.5678391959798995 1.600582060060946e-07 ER
50000.0 0.5728643216080402 1.6005881400975838e-07 ER
50000.0 0.577889447236181 1.6005934877992934e-07 ER
50000.0 0.5829145728643216 1.6005980655054757e-07 ER
50000.0 0.5879396984924623 1.6006018342466608e-07 ER
50000.0 0.592964824120603 1.6006047538255345e-07 ER
50000.0 0.5979899497487438 1.600606782876941e-07 ER
50000.0 0.6030150753768845 1.6006078788985617e-07 ER
50000.0 0.6080402010050251 1.6006079982391695e-07 ER
50000.0 0.6130653266331658 1.6006070960255922e-07 ER
50000.0 0.6180904522613065 1.6006051260008613e-07 ER
50000.0 0.6231155778894473 1.600602040232085e-07 ER
50000.0 0.628140703517588 1.600597788628145e-07 ER
50000.0 0.6331658291457286 1.600592318173909e-07 ER
50000.0 0.6381909547738693 1.6005855717332017e-07 ER
50000.0 0.6432160804020101 1.600577486170639e-07 ER
50000.0 0.6482412060301508 1.6005679893445228e-07 ER
50000.0 0.6532663316582915 1.601055701863898e-07 ER
50000.0 0.6582914572864321 1.601042862947899e-07 ER
50000.0 0.6633165829145728 1.6010282002030176e-07 ER
50000.0 0.6683417085427136 1.6010114662595977e-07 ER
50000.0 0.6733668341708543 1.6009922490864663e-07 ER
50000.0 0.678391959798995 1.6014661867389754e-07 ER
50000.0 0.6834170854271356 1.6014375538333568e-07 ER
50000.0 0.6884422110552764 1.601891780674296e-07 ER
50000.0 0.6934673366834171 1.602310632194297e-07 ER
50000.0 0.6984924623115578 1.602583490099307e-07 ER
50000.0 0.7035175879396985 1.6031049935194237e-07 ER
50000.0 0.7085427135678392 1.6244302825009586e-07 ER
50000.0 0.7135678391959799 1.634474378244963e-07 ER
50000.0 0.7185929648241206 1.7217161629842193e-07 ER
50000.0 0.7236180904522613 1.637475160689394e-07 ER
50000.0 0.7286432160804021 7.071713993093794e-08 A
50000.0 0.7336683417085427 1.668400122657832e-07 ER
50000.0 0.7386934673366834 1.6536901961621485e-07 ER
50000.0 0.7437185929648241 1.5355255662544243e-07 EB
50000.0 0.7487437185929648 0 A
50000.0 0.7537688442211056 0 A
50000.0 0.7587939698492463 1.1163041459330651e-07 ET
50000.0 0.7638190954773869 1.435371123649515e-07 A
50000.0 0.7688442211055276 1.7676530523053063e-07 ER
50000.0 0.7738693467336684 1.6225545355031632e-07 ER
50000.0 0.7788944723618091 1.628637328748226e-07 ER
50000.0 0.7839195979899498 1.6171811054960076e-07 ER
50000.0 0.7889447236180904 1.6047338295772125e-07 ER
50000.0 0.7939698492462312 1.6113736089902285e-07 ER
50000.0 0.7989949748743719 1.6030494905048108e-07 ER
50000.0 0.8040201005025126 1.6022147569955222e-07 ER
50000.0 0.8090452261306533 1.6018397583478995e-07 ER
50000.0 0.8140703517587939 1.6018922614823284e-07 ER
50000.0 0.8190954773869347 1.6014312331555935e-07 ER
50000.0 0.8241206030150754 1.6014568743680852e-07 ER
50000.0 0.8291457286432161 1.6009806869795916e-07 ER
50000.0 0.8341708542713568 1.6009983256660748e-07 ER
50000.0 0.8391959798994975 1.601013627203201e-07 ER
50000.0 0.8442211055276382 1.6010269250081014e-07 ER
50000.0 0.8492462311557789 1.6010384315205176e-07 ER
50000.0 0.8542713567839196 1.6005493943983388e-07 ER
50000.0 0.8592964824120604 1.6005576008425356e-07 ER
50000.0 0.864321608040201 1.6005643988274882e-07 ER
50000.0 0.8693467336683417 1.6005698601041521e-07 ER
50000.0 0.8743718592964824 1.6005740483359522e-07 ER
50000.0 0.8793969849246231 1.6005770216348791e-07 ER
50000.0 0.8844221105527639 1.6005788341751838e-07 ER
50000.0 0.8894472361809045 1.600579537235738e-07 ER
50000.0 0.8944723618090452 1.600579179873252e-07 ER
50000.0 0.8994974874371859 1.6005778093495035e-07 ER
50000.0 0.9045226130653267 1.600575471391528e-07 ER
50000.0 0.9095477386934674 1.6005722103371201e-07 ER
50000.0 0.914572864321608 1.6005680692009759e-07 ER
50000.0 0.9195979899497487 1.600563089685816e-07 ER
50000.0 0.9246231155778895 1.6005573121545285e-07 ER
50000.0 0.9296482412060302 1.600550775575045e-07 ER
50000.0 0.9346733668341709 1.6005435174439666e-07 ER
50000.0 0.9396984924623115 1.600535573693718e-07 ER
50000.0 0.9447236180904522 1.6005269785850296e-07 ER
50000.0 0.949748743718593 1.6005177645846843e-07 ER
50000.0 0.9547738693467337 1.6005079622284985e-07 ER
50000.0 0.9597989949748744 1.6004975999674349e-07 ER
50000.0 0.964824120603015 1.600486703995048e-07 ER
50000.0 0.9698492462311558 1.600475298054115e-07 ER
50000.0 0.9748743718592965 1.6004634032201037e-07 ER
50000.0 0.9798994974874372 1.60045103765984e-07 ER
50000.0 0.9849246231155779 1.600438216364591e-07 ER
50000.0 0.9899497487437187 1.6004249508582868e-07 ER
50000.0 0.9949748743718593 1.6004112488846702e-07 ER
50000.0 1.0 1.600397114080311e-07 ER
